000000 000000
000011 000011
001100 001100
011111 011111
101111 101111
110000 110000
110111 110111
111011 111011
111101 111101
111110 111110
111111 111111
000000 000000
110000 110000
000011 000011
000011 000011
000000 000000
001100 001100
000011 000011
000011 000011
000000 000011
000011 000000
000011 000011
110111 110111
011111 011111
111011 111011
011111 011111
001100 001100
111101 111101
111110 111110
011111 011111
101111 111111
111111 101111
111111 111111
011111 011111
011111 011111
001100 011111
011111 001100
011111 011111
110111 110111
101111 101111
110000 110000
111101 111101
111110 111110
110111 110111
111011 111111
111111 111011
111111 111111
110111 110111
110111 110111
110000 110111
110111 110000
110111 110111
111101 111110
111101 111111
111110 111101
111111 111101
111110 111111
111111 111110
111111 111111
101111 101111
111111 111111
111011 111110
111011 111111
111110 111011
111111 111011
111110 111111
111111 111110
111111 111111
111111 111111
111011 111101
111011 111111
111101 111011
111111 111011
111101 111111
111111 111101
111111 111111
111011 111011
101111 111110
101111 111111
111110 101111
111111 101111
111110 111111
111111 111110
111111 111111
101111 111101
101111 111111
111101 101111
111111 101111
111101 111111
111111 111101
111111 111111
101111 111011
101111 111101
101111 111110
101111 111111
111011 101111
111101 101111
111110 101111
111111 101111
111011 111101
111011 111110
111011 111111
111101 111011
111110 111011
111111 111011
111101 111110
111101 111111
111110 111101
111111 111101
111110 111111
111111 111110
111111 111111
111011 111011
101111 101111
111101 111110
111101 111111
111110 111101
111111 111101
111110 111111
111111 111110
111111 111111
110000 110000
111101 111101
111011 111011
111110 111110
111011 111011
110111 111111
111111 110111
111011 111011
111111 111111
110000 111011
111011 110000
111011 111011
101111 101111
111111 111111
110111 111110
110111 111111
111110 110111
111111 110111
111110 111111
111111 111110
111111 111111
111111 111111
110111 111101
110111 111111
111101 110111
111111 110111
111101 111111
111111 111101
111111 111111
110111 110111
101111 111110
101111 111111
111110 101111
111111 101111
111110 111111
111111 111110
111111 111111
101111 111101
101111 111111
111101 101111
111111 101111
111101 111111
111111 111101
111111 111111
101111 110111
101111 111101
101111 111110
101111 111111
110111 101111
111101 101111
111110 101111
111111 101111
110111 111101
110111 111110
110111 111111
111101 110111
111110 110111
111111 110111
111101 111110
111101 111111
111110 111101
111111 111101
111110 111111
111111 111110
111111 111111
001100 001100
111101 111101
101111 101111
111110 111110
101111 101111
011111 111111
111111 011111
101111 101111
111111 111111
001100 101111
101111 001100
101111 101111
011111 011111
111111 111111
111011 111110
111011 111111
111110 111011
111111 111011
111110 111111
111111 111110
111111 111111
111111 111111
111011 111101
111011 111111
111101 111011
111111 111011
111101 111111
111111 111101
111111 111111
111011 111011
011111 111110
011111 111111
111110 011111
111111 011111
111110 111111
111111 111110
111111 111111
011111 111101
011111 111111
111101 011111
111111 011111
111101 111111
111111 111101
111111 111111
011111 111011
011111 111101
011111 111110
011111 111111
111011 011111
111101 011111
111110 011111
111111 011111
111011 111101
111011 111110
111011 111111
111101 111011
111110 111011
111111 111011
111101 111110
111101 111111
111110 111101
111111 111101
111110 111111
111111 111110
111111 111111
011111 011111
111111 111111
110111 111110
110111 111111
111110 110111
111111 110111
111110 111111
111111 111110
111111 111111
111111 111111
110111 111101
110111 111111
111101 110111
111111 110111
111101 111111
111111 111101
111111 111111
110111 110111
011111 111110
011111 111111
111110 011111
111111 011111
111110 111111
111111 111110
111111 111111
011111 111101
011111 111111
111101 011111
111111 011111
111101 111111
111111 111101
111111 111111
011111 110111
011111 111101
011111 111110
011111 111111
110111 011111
111101 011111
111110 011111
111111 011111
110111 111101
110111 111110
110111 111111
111101 110111
111110 110111
111111 110111
111101 111110
111101 111111
111110 111101
111111 111101
111110 111111
111111 111110
111111 111111
000000 000000
000011 000011
001100 001100
001100 001100
000000 001100
001100 000000
001100 001100
011111 011111
011111 011111
000011 011111
011111 000011
011111 011111
101111 101111
110000 110000
110111 110111
111011 111011
111101 111101
111110 111111
111111 111110
111111 111111
111101 111101
111101 111101
110000 111101
111101 110000
111101 111101
110111 111011
110111 111111
111011 110111
111111 110111
111011 111111
111111 111011
111111 111111
111110 111110
101111 111011
101111 111111
111011 101111
111111 101111
111011 111111
111111 111011
111111 111111
101111 110111
101111 111111
110111 101111
111111 101111
110111 111111
111111 110111
111111 111111
101111 110111
101111 111011
101111 111110
101111 111111
110111 101111
111011 101111
111110 101111
111111 101111
110111 111011
110111 111110
110111 111111
111011 110111
111110 110111
111111 110111
111011 111110
111011 111111
111110 111011
111111 111011
111110 111111
111111 111110
111111 111111
101111 101111
110111 111011
110111 111111
111011 110111
111111 110111
111011 111111
111111 111011
111111 111111
110000 110000
110111 110111
111110 111110
111011 111011
111101 111111
111111 111101
111110 111110
111111 111111
111110 111110
110000 111110
111110 110000
111110 111110
111101 111101
101111 111011
101111 111111
111011 101111
111111 101111
111011 111111
111111 111011
111111 111111
101111 110111
101111 111111
110111 101111
111111 101111
110111 111111
111111 110111
111111 111111
101111 110111
101111 111011
101111 111101
101111 111111
110111 101111
111011 101111
111101 101111
111111 101111
110111 111011
110111 111101
110111 111111
111011 110111
111101 110111
111111 110111
111011 111101
111011 111111
111101 111011
111111 111011
111101 111111
111111 111101
111111 111111
000011 101111
101111 000011
101111 101111
111110 111110
011111 111011
011111 111111
111011 011111
111111 011111
111011 111111
111111 111011
111111 111111
011111 110111
011111 111111
110111 011111
111111 011111
110111 111111
111111 110111
111111 111111
011111 110111
011111 111011
011111 111110
011111 111111
110111 011111
111011 011111
111110 011111
111111 011111
110111 111011
110111 111110
110111 111111
111011 110111
111110 110111
111111 110111
111011 111110
111011 111111
111110 111011
111111 111011
111110 111111
111111 111110
111111 111111
111101 111101
011111 111011
011111 111111
111011 011111
111111 011111
111011 111111
111111 111011
111111 111111
011111 110111
011111 111111
110111 011111
111111 011111
110111 111111
111111 110111
111111 111111
011111 110111
011111 111011
011111 111101
011111 111111
110111 011111
111011 011111
111101 011111
111111 011111
110111 111011
110111 111101
110111 111111
111011 110111
111101 110111
111111 110111
111011 111101
111011 111111
111101 111011
111111 111011
111101 111111
111111 111101
111111 111111
000000 110000
110000 000000
110000 110000
000011 110111
110111 000011
110111 110111
001100 111101
111101 001100
111101 111101
011111 101111
011111 111111
101111 011111
111111 011111
101111 111111
111111 101111
111111 111111
011111 101111
011111 111011
011111 111110
011111 111111
101111 011111
111011 011111
111110 011111
111111 011111
101111 111011
101111 111110
101111 111111
111011 101111
111110 101111
111111 101111
111011 111110
111011 111111
111110 111011
111111 111011
111110 111111
111111 111110
111111 111111
011111 101111
011111 111111
101111 011111
111111 011111
101111 111111
111111 101111
111111 111111
001100 111110
111110 001100
111110 111110
011111 101111
011111 111011
011111 111101
011111 111111
101111 011111
111011 011111
111101 011111
111111 011111
101111 111011
101111 111101
101111 111111
111011 101111
111101 101111
111111 101111
111011 111101
111011 111111
111101 111011
111111 111011
111101 111111
111111 111101
111111 111111
000011 111011
111011 000011
111011 111011
011111 101111
011111 110111
011111 111110
011111 111111
101111 011111
110111 011111
111110 011111
111111 011111
101111 110111
101111 111110
101111 111111
110111 101111
111110 101111
111111 101111
110111 111110
110111 111111
111110 110111
111111 110111
111110 111111
111111 111110
111111 111111
011111 101111
011111 110111
011111 111101
011111 111111
101111 011111
110111 011111
111101 011111
111111 011111
101111 110111
101111 111101
101111 111111
110111 101111
111101 101111
111111 101111
110111 111101
110111 111111
111101 110111
111111 110111
111101 111111
111111 111101
111111 111111
000000 111111
000011 111101
000011 111110
000011 111111
001100 110111
001100 111011
001100 111111
011111 101111
011111 110000
011111 110111
011111 111011
011111 111101
011111 111110
011111 111111
101111 011111
110111 001100
111101 000011
111111 000000
111110 000011
111111 000011
111011 001100
111111 001100
110000 011111
110111 011111
111011 011111
111101 011111
111110 011111
111111 011111
101111 110000
101111 110111
101111 111011
101111 111101
101111 111110
101111 111111
110000 101111
110111 101111
111011 101111
111101 101111
111110 101111
111111 101111
110000 111111
110111 111011
110111 111101
110111 111110
110111 111111
111011 110111
111111 110000
111101 110111
111110 110111
111111 110111
111011 111101
111011 111110
111011 111111
111101 111011
111110 111011
111111 111011
111101 111110
111101 111111
111110 111101
111111 111101
111110 111111
111111 111110
111111 111111
